step:0.001
smooth_length:0.0164545
density:1000
mass:0.000234454
data:duck_fluid.par
df:unitbox.df
