step:0.001
smooth_length:0.02031
density:1000
mass:0.000449893
data:jnm300K_fluid.par
df:tank.df
