step:0.001
smooth_length:0.0197281
density:1000
mass:0.000363064
data:pg_fluid.par
df:tank.df
