step:0.001
smooth_length:0.0183895
density:1000
mass:0.000347006
data:pg2012_fluid.par
df:tank.df
