step:0.001
smooth_length:0.00665108
density:1000
mass:2.20869e-05
data:terrain_waterf.par
df:terrain.df
